      1,  0.199851409,   2.06269026,           0.
2,-0.199851632,2.06269002,0.0
3,-7.47599671e-08,-0.372964531,0.0
4,0.0,2.07039809,0.0
5,0.0,-1.07039821,0.0
6,0.0999256521,2.06269002,0.0
7,-1.09630307e-07,2.06269002,0.0
8,-0.0999258682,2.06269002,0.0
9,-0.20563823,2.16262603,0.0
10,-0.223071262,2.26112866,0.0
11,-0.252952576,2.35661435,0.0
12,-0.294520348,2.4476223,0.0
13,-0.347122639,2.53272986,0.0
14,-0.409936666,2.61060619,0.0
15,-0.481979787,2.68003297,0.0
16,-0.562125385,2.73992443,0.0
17,-0.649119556,2.78934336,0.0
18,-0.741602182,2.82751775,0.0
19,-0.8381266,2.85384965,0.0
20,-0.937182248,2.86792803,0.0
21,-1.03722143,2.86953139,0.0
22,-1.13667798,2.8586359,0.0
23,-1.23399687,2.83541107,0.0
24,-1.32765472,2.80021882,0.0
25,-1.41619003,2.75361657,0.0
26,-1.49821258,2.6963222,0.0
27,-1.57244539,2.62924218,0.0
28,-1.63772333,2.55341911,0.0
29,-1.69302559,2.47004032,0.0
30,-1.73748958,2.38041186,0.0
31,-1.77041757,2.28593397,0.0
32,-1.79129565,2.18808484,0.0
33,-1.79980505,2.08839607,0.0
34,-1.79573309,1.9884274,0.0
35,-1.77954137,1.88968658,0.0
36,-1.7527374,1.79326856,0.0
37,-1.71666408,1.69991505,0.0
38,-1.67313707,1.60977829,0.0
39,-1.62375343,1.52270651,0.0
40,-1.56960273,1.43851101,0.0
41,-1.51167095,1.35686624,0.0
42,-1.45069695,1.27746475,0.0
43,-1.38729179,1.19998884,0.0
44,-1.32192659,1.12415826,0.0
45,-1.25499356,1.0497067,0.0
46,-1.18682396,0.976385117,0.0
47,-1.11769295,0.903968573,0.0
48,-1.04784322,0.832244337,0.0
49,-0.977489829,0.761014104,0.0
50,-0.906829238,0.690088511,0.0
51,-0.836046338,0.619285047,0.0
52,-0.765319645,0.548425078,0.0
53,-0.694826663,0.47733283,0.0
54,-0.624748468,0.405831754,0.0
55,-0.555274725,0.333743483,0.0
56,-0.486608535,0.260886014,0.0
57,-0.418971896,0.187072158,0.0
58,-0.352611721,0.112109669,0.0
59,-0.287806481,0.0357996002,0.0
60,-0.224873036,-0.0420600884,0.0
61,-0.164175361,-0.121674202,0.0
62,-0.106132351,-0.203242362,0.0
63,-0.0512250923,-0.286951095,0.0
64,0.0512231886,-0.286953658,0.0
65,0.106130525,-0.203244582,0.0
66,0.164173469,-0.121676348,0.0
67,0.224871308,-0.0420618728,0.0
68,0.287805051,0.0357982852,0.0
69,0.352610588,0.11210873,0.0
70,0.418970942,0.187071458,0.0
71,0.486607611,0.260885358,0.0
72,0.555273831,0.333742887,0.0
73,0.624747574,0.405831188,0.0
74,0.694825768,0.477332294,0.0
75,0.765318811,0.548424602,0.0
76,0.836045682,0.619284689,0.0
77,0.90682888,0.690088511,0.0
78,0.97748965,0.761014283,0.0
79,1.04784322,0.832244635,0.0
80,1.11769295,0.90396893,0.0
81,1.18682444,0.976385951,0.0
82,1.25499427,1.04970789,0.0
83,1.32192767,1.12415993,0.0
84,1.3872931,1.19999087,0.0
85,1.45069826,1.27746677,0.0
86,1.51167214,1.35686839,0.0
87,1.56960428,1.43851376,0.0
88,1.62375522,1.52270985,0.0
89,1.67313874,1.60978186,0.0
90,1.71666551,1.69991887,0.0
91,1.75273848,1.79327261,0.0
92,1.77954209,1.88969076,0.0
93,1.79573333,1.98843181,0.0
94,1.79980469,2.0884006,0.0
95,1.79129469,2.18808937,0.0
96,1.77041602,2.28593874,0.0
97,1.73748744,2.38041615,0.0
98,1.69302297,2.47004461,0.0
99,1.63772023,2.55342293,0.0
100,1.5724417,2.62924576,0.0
101,1.49820828,2.69632554,0.0
102,1.41618502,2.75361943,0.0
103,1.32764924,2.80022144,0.0
104,1.23399103,2.83541298,0.0
105,1.13667202,2.85863709,0.0
106,1.03721583,2.86953187,0.0
107,0.937176466,2.86792755,0.0
108,0.838120341,2.85384846,0.0
109,0.741596103,2.82751584,0.0
110,0.649113238,2.7893405,0.0
111,0.562118948,2.73992038,0.0
112,0.481973618,2.68002796,0.0
113,0.409931004,2.61060047,0.0
114,0.347117752,2.53272343,0.0
115,0.294516325,2.44761515,0.0
116,0.252949685,2.35660744,0.0
117,0.223069653,2.26112294,0.0
118,0.205637589,2.16262197,0.0
119,-0.00541005889,2.16968203,0.0
120,-0.0197211765,2.26802802,0.0
121,-0.0441867448,2.36437106,0.0
122,-0.0780931041,2.45780969,0.0
123,-0.121108755,2.54742026,0.0
124,-0.172808215,2.63231778,0.0
125,-0.232680678,2.71166325,0.0
126,-0.300134599,2.78467274,0.0
127,-0.374503493,2.85062504,0.0
128,-0.455052197,2.90886807,0.0
129,-0.540985584,2.95882678,0.0
130,-0.63145411,3.00000787,0.0
131,-0.725564361,3.03200293,0.0
132,-0.822385848,3.05449748,0.0
133,-0.920962155,3.0672698,0.0
134,-1.02031958,3.07019138,0.0
135,-1.11947608,3.06323504,0.0
136,-1.21745217,3.0464685,0.0
137,-1.31328022,3.02005935,0.0
138,-1.40601158,2.9842639,0.0
139,-1.49473345,2.93944359,0.0
140,-1.57856464,2.88603258,0.0
141,-1.6566819,2.82456613,0.0
142,-1.72830927,2.75564623,0.0
143,-1.79274118,2.67995644,0.0
144,-1.84933877,2.59824276,0.0
145,-1.89754736,2.51131535,0.0
146,-1.93688703,2.42003179,0.0
147,-1.96696687,2.32529211,0.0
148,-1.98749506,2.22803426,0.0
149,-1.99827886,2.12922072,0.0
150,-1.99915123,2.02982569,0.0
151,-1.99016571,1.93083119,0.0
152,-1.97176218,1.83314264,0.0
153,-1.94491005,1.73742509,0.0
154,-1.91034567,1.64421237,0.0
155,-1.86907542,1.55375898,0.0
156,-1.82238746,1.46597481,0.0
157,-1.77102458,1.38083756,0.0
158,-1.71579099,1.29815531,0.0
159,-1.65735459,1.21770239,0.0
160,-1.59626257,1.13924444,0.0
161,-1.53299212,1.06253147,0.0
162,-1.46792388,0.987336636,0.0
163,-1.40139079,0.913433313,0.0
164,-1.33368278,0.840604901,0.0
165,-1.26504624,0.768650055,0.0
166,-1.1957047,0.697374105,0.0
167,-1.12585914,0.626591802,0.0
168,-1.05569661,0.556123495,0.0
169,-0.98539561,0.485793263,0.0
170,-0.915130913,0.41542685,0.0
171,-0.845077991,0.344849616,0.0
172,-0.775418341,0.273884416,0.0
173,-0.706344366,0.202349275,0.0
174,-0.638065159,0.130055547,0.0
175,-0.57081306,0.0568057746,0.0
176,-0.50485152,-0.0176073853,0.0
177,-0.440484434,-0.0934030861,0.0
178,-0.378066689,-0.170810759,0.0
179,-0.318019092,-0.250069618,0.0
180,-0.260841906,-0.331421375,0.0
181,-0.207133487,-0.415100306,0.0
182,-0.157604292,-0.501315534,0.0
183,-0.113087267,-0.590218604,0.0
184,-0.0745370463,-0.681861579,0.0
185,-0.0429997221,-0.776140749,0.0
186,-0.019466877,-0.87272656,0.0
187,-0.00541856885,-0.97111392,0.0
188,0.00541855674,-0.971114039,0.0
189,0.0194668639,-0.872726619,0.0
190,0.0429996997,-0.776140869,0.0
191,0.0745368451,-0.681862116,0.0
192,0.1130867,-0.590219796,0.0
193,0.157603592,-0.501316845,0.0
194,0.207133099,-0.415100932,0.0
195,0.260841757,-0.331421554,0.0
196,0.318018913,-0.250069857,0.0
197,0.37806654,-0.170810968,0.0
198,0.440484345,-0.0934031978,0.0
199,0.50485152,-0.0176073834,0.0
200,0.570813119,0.0568058044,0.0
201,0.638065159,0.130055562,0.0
202,0.706344366,0.202349305,0.0
203,0.775418401,0.273884445,0.0
204,0.845078051,0.344849646,0.0
205,0.915130913,0.41542685,0.0
206,0.98539567,0.485793293,0.0
207,1.05569661,0.556123495,0.0
208,1.12585914,0.626591802,0.0
209,1.1957047,0.697374046,0.0
210,1.26504624,0.768649995,0.0
211,1.33368278,0.840604961,0.0
212,1.40139091,0.913433373,0.0
213,1.46792388,0.987336636,0.0
214,1.53299224,1.06253159,0.0
215,1.59626234,1.1392442,0.0
216,1.65735412,1.21770191,0.0
217,1.71579051,1.29815471,0.0
218,1.77102411,1.38083696,0.0
219,1.8223871,1.46597421,0.0
220,1.86907506,1.55375826,0.0
221,1.91034544,1.64421177,0.0
222,1.94490981,1.73742449,0.0
223,1.97176182,1.83314121,0.0
224,1.99016535,1.93082893,0.0
225,1.99915123,2.02982402,0.0
226,1.99827886,2.12921977,0.0
227,1.98749518,2.2280333,0.0
228,1.96696711,2.32529116,0.0
229,1.93688715,2.42003107,0.0
230,1.89754736,2.51131535,0.0
231,1.84933877,2.59824252,0.0
232,1.7927413,2.67995644,0.0
233,1.72830927,2.75564623,0.0
234,1.65668201,2.82456613,0.0
235,1.57856476,2.88603258,0.0
236,1.49473357,2.93944359,0.0
237,1.4060117,2.9842639,0.0
238,1.31328046,3.02005911,0.0
239,1.21745253,3.04646826,0.0
240,1.11947656,3.06323481,0.0
241,1.02031994,3.07019138,0.0
242,0.920962632,3.0672698,0.0
243,0.822386265,3.05449772,0.0
244,0.725564778,3.03200293,0.0
245,0.631454527,3.00000787,0.0
246,0.540986001,2.95882702,0.0
247,0.455052286,2.90886807,0.0
248,0.374503314,2.85062504,0.0
249,0.30013445,2.78467274,0.0
250,0.232680559,2.71166325,0.0
251,0.172808111,2.63231778,0.0
252,0.121108666,2.54742026,0.0
253,0.078093037,2.45780945,0.0
254,0.0441867486,2.36437106,0.0
255,0.0197211616,2.26802802,0.0
256,0.00541003561,2.16968179,0.0
257,-0.915016055,0.827109516,0.0
258,-1.43540668,1.41607869,0.0
259,-1.18763995,1.11427128,0.0
260,-0.287892938,2.12438321,0.0
261,-1.19573355,2.74930406,0.0
262,-1.62249708,2.09407234,0.0
263,-0.697485566,2.7043407,0.0
264,-0.94896543,2.78937721,0.0
265,-1.43465829,2.62992549,0.0
266,-1.66270828,1.8284415,0.0
267,-1.5884726,1.65883517,0.0
268,0.038066715,1.96726835,0.0
269,0.132047012,1.98275793,0.0
270,0.990541279,0.906920254,0.0
271,1.25827622,1.19630587,0.0
272,1.49370289,1.50357449,0.0
273,0.297650307,2.25562096,0.0
274,1.61441338,2.43138766,0.0
275,-0.134962752,1.93381917,0.0
276,-0.053292945,1.95272124,0.0
277,-0.00030941455,-0.214481428,0.0
278,-0.054884132,-0.137026444,0.0
279,-0.564397991,0.470262259,0.0
280,-0.634144068,0.54223603,0.0
281,-0.704315364,0.613765836,0.0
282,-0.774664402,0.684953809,0.0
283,-0.844897032,0.755887806,0.0
284,-0.984457254,0.898150444,0.0
285,-1.05321026,0.969557345,0.0
286,-1.12095511,1.04141116,0.0
287,-1.25265193,1.18772542,0.0
288,-1.31588638,1.26236331,0.0
289,-1.37690306,1.33830476,0.0
290,-1.4905982,1.49523878,0.0
291,-1.54181659,1.57610786,0.0
292,-1.62898707,1.74279201,0.0
293,-1.6878041,1.91489744,0.0
294,-1.69892657,2.18002129,0.0
295,-1.60543549,2.42799902,0.0
296,-1.55703723,2.50157261,0.0
297,-1.27909446,2.71664619,0.0
298,-1.11474383,2.77893138,0.0
299,-0.865175605,2.76866031,0.0
300,-0.619285226,2.65986753,0.0
301,-0.428496391,2.47028923,0.0
302,-0.314907193,2.21740675,0.0
303,0.287465394,2.16873026,0.0
304,0.951961279,2.7784214,0.0
305,1.21087611,2.76167893,0.0
306,1.43338108,2.6256156,0.0
307,1.56311667,2.50263929,0.0
308,1.69874644,2.01013255,0.0
309,1.65953732,1.83588648,0.0
310,1.58887577,1.66623759,0.0
311,1.54384732,1.58402681,0.0
312,1.43921065,1.42409003,0.0
313,1.38150442,1.3463763,0.0
314,1.3212496,1.27042246,0.0
315,1.19376957,1.12273669,0.0
316,1.12739098,1.05004454,0.0
317,1.05955017,0.978002667,0.0
318,0.920935333,0.835776567,0.0
319,0.850905776,0.764875829,0.0
320,0.780627489,0.693950772,0.0
321,0.710269034,0.622700512,0.0
322,0.640109241,0.550918281,0.0
323,0.570409298,0.478537291,0.0
324,0.501285195,0.405369788,0.0
325,0.36578244,0.256799549,0.0
326,0.299887508,0.180926934,0.0
327,0.235418439,0.103610374,0.0
328,0.112069242,-0.0550388843,0.0
329,0.0542798415,-0.135712326,0.0
330,-1.23320532,2.63325095,0.0
331,-0.743818641,2.62309861,0.0
332,-1.61461067,2.17079663,0.0
333,0.366134256,2.16341782,0.0
334,-0.399674684,2.172791,0.0
335,-1.60040987,1.93988967,0.0
336,-1.57567656,1.86300194,0.0
337,-1.54358459,1.7850045,0.0
338,-1.50514865,1.70624161,0.0
339,1.46364045,1.64264286,0.0
340,-1.46113861,1.62734973,0.0
341,1.41696298,1.56438255,0.0
342,-1.41238487,1.54927158,0.0
343,1.36620474,1.48743141,0.0
344,-1.35954893,1.4723115,0.0
345,1.3122716,1.41220689,0.0
346,-1.30326998,1.39657927,0.0
347,1.25524533,1.33845675,0.0
348,-1.2442224,1.32221031,0.0
349,1.19527555,1.26541162,0.0
350,-1.18281472,1.24893522,0.0
351,1.13347983,1.19320858,0.0
352,-1.11938083,1.1764642,0.0
353,1.06895828,1.12135518,0.0
354,-1.05414236,1.10451317,0.0
355,1.00221658,1.05009902,0.0
356,-0.987543881,1.0331471,0.0
357,0.933763206,0.979469061,0.0
358,-0.91980195,0.962094665,0.0
359,0.8642838,0.909058392,0.0
360,-0.851150811,0.891104698,0.0
361,0.794454515,0.838641524,0.0
362,-0.0815637633,1.82922029,0.0
363,-0.00153131317,1.85291421,0.0
364,0.0850647092,1.87548971,0.0
365,-0.257471651,2.02648234,0.0
366,-0.781775594,0.820016265,0.0
367,0.724387527,0.767725766,0.0
368,-0.345646381,2.30681515,0.0
369,0.305157423,2.33238411,0.0
370,0.374193907,2.37560368,0.0
371,-0.547436416,2.60594845,0.0
372,-1.36030567,2.67830586,0.0
373,-1.70321786,2.00241709,0.0
374,1.28694487,2.72561908,0.0
375,-1.67855108,2.26611352,0.0
376,1.68367982,2.27245402,0.0
377,1.12801898,2.77646804,0.0
378,1.65470409,2.35421705,0.0
379,-0.483266324,2.54231405,0.0
380,0.426365972,2.47272635,0.0
381,0.545025229,2.61303687,0.0
382,0.481548011,2.54803038,0.0
383,-0.383018464,2.39133048,0.0
384,-1.64690781,2.34916353,0.0
385,0.693274796,2.70897579,0.0
386,0.862738669,2.76644778,0.0
387,1.36056566,2.67852998,0.0
388,0.616360962,2.66551924,0.0
389,1.70029795,2.18539262,0.0
390,0.775807738,2.74290633,0.0
391,1.04122233,2.78079677,0.0
392,1.70458972,2.09760118,0.0
393,0.231642008,2.00410867,0.0
394,1.68326545,1.92234004,0.0
395,1.62736225,1.74983704,0.0
396,0.172695652,0.0246895347,0.0
397,0.432962775,0.331180573,0.0
398,-0.360705942,0.24953939,0.0
399,-0.427419692,0.323908776,0.0
400,-0.495444685,0.397172749,0.0
401,-0.71198833,0.748888135,0.0
402,0.654100418,0.695853949,0.0
403,-0.642021477,0.677477479,0.0
404,0.584089994,0.62307179,0.0
405,-0.57222259,0.605651259,0.0
406,0.514709115,0.549627125,0.0
407,0.445922554,0.475491226,0.0
408,0.245554417,0.249655902,0.0
409,0.18129687,0.171802253,0.0
410,-0.000216571003,-0.063046813,0.0
411,-0.465719402,2.33969688,0.0
412,-0.607081652,2.53805184,0.0
413,-1.56201184,2.31748319,0.0
414,1.30092752,2.60561204,0.0
415,-1.49060977,1.89912319,0.0
416,0.45385769,2.26037717,0.0
417,1.60353851,2.03415203,0.0
418,-1.61713576,2.01594949,0.0
419,-1.45975399,1.82696939,0.0
420,1.567132,1.87727892,0.0
421,-1.42345035,1.75182259,0.0
422,0.504298151,2.42648411,0.0
423,0.736019969,2.63133144,0.0
424,0.602719128,2.55201435,0.0
425,0.549856484,2.49327183,0.0
426,0.668089986,2.59299755,0.0
427,1.61393726,2.18627,0.0
428,0.808344126,2.6634264,0.0
429,1.38335359,1.69712424,0.0
430,-1.38194954,1.67569482,0.0
431,-1.33552122,1.60004866,0.0
432,1.33925951,1.62205458,0.0
433,-1.28461099,1.52536178,0.0
434,1.29099023,1.54944491,0.0
435,-1.22997105,1.45185351,0.0
436,1.24103963,1.47629738,0.0
437,-1.38026667,2.57002902,0.0
438,1.19133699,2.70181727,0.0
439,1.04897583,2.6918993,0.0
440,0.96606195,2.69326091,0.0
441,-0.504036427,2.41423583,0.0
442,-0.550184786,2.4812417,0.0
443,-1.52199209,2.3871839,0.0
444,1.57666075,2.32851553,0.0
445,1.58836341,1.95579243,0.0
446,1.18900704,1.40299726,0.0
447,-1.17239606,1.37946951,0.0
448,1.53837192,1.79769933,0.0
449,-1.11243367,1.30772448,0.0
450,1.1327194,1.33085072,0.0
451,-1.05024278,1.23623991,0.0
452,1.07486296,1.259992,0.0
453,-0.821303308,2.65582132,0.0
454,-0.985973001,1.16500199,0.0
455,1.01272535,1.18894911,0.0
456,0.34455508,2.05770254,0.0
457,-0.920364559,1.09427595,0.0
458,0.946991146,1.11919045,0.0
459,-0.853636622,1.02356136,0.0
460,0.878329515,1.05048466,0.0
461,1.50368357,1.71967542,0.0
462,-0.7859236,0.952476621,0.0
463,0.808063865,0.981720805,0.0
464,-0.717426717,0.881328642,0.0
465,0.737715423,0.912194967,0.0
466,-0.0317171179,1.7337954,0.0
467,0.0491018482,1.75954258,0.0
468,-0.205380201,1.90755141,0.0
469,-0.648255885,0.810203969,0.0
470,0.66743964,0.840969563,0.0
471,-0.171336368,0.020255575,0.0
472,-0.232571334,0.0975528136,0.0
473,-0.295912176,0.173839495,0.0
474,-0.502987385,0.533157766,0.0
475,-0.578774452,0.738895416,0.0
476,0.596865237,0.767773032,0.0
477,0.311097324,0.32542187,0.0
478,-0.509474933,0.667085767,0.0
479,0.526592553,0.693392992,0.0
480,-0.366967529,0.386850059,0.0
481,0.457383782,0.618776798,0.0
482,-0.434593678,0.459830403,0.0
483,0.377872884,0.400396585,0.0
484,0.189564154,0.317059249,0.0
485,0.11859557,0.0930486843,0.0
486,-0.609021306,2.42933249,0.0
487,-1.48314512,2.28309703,0.0
488,-0.54564321,2.29320025,0.0
489,1.47455621,1.91728008,0.0
490,1.41877782,1.77005923,0.0
491,-1.37830532,1.86825919,0.0
492,0.621278048,2.44812131,0.0
493,0.71609354,2.51050282,0.0
494,0.527501762,2.33046603,0.0
495,0.536025524,2.26505613,0.0
496,-1.34463906,1.79457057,0.0
497,-1.30558884,1.72061729,0.0
498,1.26107812,1.67991519,0.0
499,-1.26104379,1.64753747,0.0
500,1.20980823,1.61365235,0.0
501,1.15628862,2.59487629,0.0
502,-0.57457757,2.36665559,0.0
503,1.16411662,1.53682208,0.0
504,-1.21142101,1.57572436,0.0
505,-1.51697934,1.9670074,0.0
506,1.12285638,1.46028876,0.0
507,-1.15767658,1.5052259,0.0
508,-1.10089362,1.43514967,0.0
509,1.06974006,1.39227438,0.0
510,-0.431353182,2.25947237,0.0
511,-1.04206073,1.36458099,0.0
512,1.01798701,1.3216151,0.0
513,-1.59414768,2.24479771,0.0
514,-0.671840727,2.58446956,0.0
515,-0.980971336,1.29369438,0.0
516,0.959435463,1.25135565,0.0
517,0.374971241,2.26067901,0.0
518,-0.917091429,1.22313058,0.0
519,0.894939065,1.18544853,0.0
520,-1.31279802,2.60573649,0.0
521,-0.852240026,1.15332818,0.0
522,0.825434089,1.12088287,0.0
523,-0.717522979,2.51165748,0.0
524,0.752977073,1.05510628,0.0
525,-0.786616325,1.08248067,0.0
526,-1.43330538,2.515311,0.0
527,0.680775344,0.986926019,0.0
528,-0.720209301,1.01065075,0.0
529,0.609721005,0.913817763,0.0
530,-0.652879179,0.93948102,0.0
531,0.0160836838,1.64185131,0.0
532,-0.157052964,1.8027426,0.0
533,0.134235278,1.78565502,0.0
534,-0.112020753,-0.0583203249,0.0
535,0.0578634553,0.0140766613,0.0
536,-0.440777838,0.594600081,0.0
537,-0.584392369,0.86897105,0.0
538,0.538505256,0.837498248,0.0
539,-0.301124722,0.312303245,0.0
540,0.254674822,0.392840654,0.0
541,-0.515319228,0.798363209,0.0
542,0.467655569,0.761165082,0.0
543,0.388942122,0.543892384,0.0
544,0.39828366,0.685660839,0.0
545,0.125473276,0.239452943,0.0
546,-0.174758673,0.162514061,0.0
547,-0.305859804,0.449288487,0.0
548,-0.372983307,0.521648288,0.0
549,-0.237227499,0.23725456,0.0
550,-0.972887933,2.71295452,0.0
551,0.466925532,2.07896614,0.0
552,0.321154267,0.468253195,0.0
553,0.380142242,1.96634114,0.0
554,1.05562115,2.60619545,0.0
555,1.24265456,2.53579426,0.0
556,-1.2814678,2.53197193,0.0
557,-0.646182299,2.33245611,0.0
558,0.458357424,2.16772389,0.0
559,-0.658420026,2.47498369,0.0
560,-1.53884172,2.15898633,0.0
561,-1.23373902,1.7621156,0.0
562,-1.34152448,2.52329946,0.0
563,-1.19030976,1.69260621,0.0
564,1.19207859,1.74374938,0.0
565,1.04324007,2.5242393,0.0
566,1.11885142,1.6883899,0.0
567,-1.14100718,1.62521434,0.0
568,-1.08710086,1.55861938,0.0
569,1.06529891,1.50025153,0.0
570,-1.03002965,1.4903115,0.0
571,-1.40878546,1.93746531,0.0
572,-0.972360194,1.41978979,0.0
573,0.999314845,1.45776045,0.0
574,-0.913768113,1.34881628,0.0
575,0.963025033,1.37148178,0.0
576,-1.44061434,2.34452391,0.0
577,1.49397922,1.99061608,0.0
578,-0.849595368,1.27986991,0.0
579,0.910125911,1.30762267,0.0
580,-0.784319997,1.2116015,0.0
581,0.847103834,1.25099015,0.0
582,1.30551398,1.74695539,0.0
583,0.776345253,1.19329214,0.0
584,-0.720091522,1.13943052,0.0
585,0.699563622,1.13232315,0.0
586,-0.655529737,1.06575286,0.0
587,0.622029901,1.0656023,0.0
588,-0.589575887,0.995284379,0.0
589,-0.86136198,2.57460308,0.0
590,0.176286221,1.89966702,0.0
591,-0.109431632,1.70644951,0.0
592,-0.521443367,0.926359951,0.0
593,0.550675213,0.984080672,0.0
594,0.0974464789,1.66846156,0.0
595,-0.446351796,0.727017164,0.0
596,0.699700654,2.42716765,0.0
597,-0.114833593,0.0869665891,0.0
598,-0.240521595,0.375839889,0.0
599,0.33015281,0.610369563,0.0
600,-0.452326477,0.857058167,0.0
601,0.479105353,0.902389586,0.0
602,0.488897175,1.99383104,0.0
603,0.131649613,0.383162051,0.0
604,0.406921148,0.825464547,0.0
605,0.0676748902,0.306725532,0.0
606,0.904658973,2.61264729,0.0
607,1.31582499,2.48672509,0.0
608,-0.377987117,0.655031323,0.0
609,-0.310575247,0.58314234,0.0
610,0.607581913,2.28866959,0.0
611,-0.115190975,0.23046276,0.0
612,0.0627846569,0.161689416,0.0
613,0.26271084,0.534663081,0.0
614,-0.177115202,0.302713692,0.0
615,-0.236493483,1.77242672,0.0
616,0.196354926,0.458489716,0.0
617,-1.47844088,2.45302796,0.0
618,-1.1681031,1.80000997,0.0
619,-1.39527082,2.40597582,0.0
620,-1.12460959,1.73708272,0.0
621,1.08766806,1.78909373,0.0
622,1.01642537,1.64144719,0.0
623,-1.07424712,1.67592621,0.0
624,-1.19040096,2.45244932,0.0
625,1.07102656,1.58494115,0.0
626,-1.01882541,1.61369109,0.0
627,-0.754733324,2.4358108,0.0
628,0.978598654,1.55066705,0.0
629,-0.959772706,1.5459851,0.0
630,-1.53857362,2.03157926,0.0
631,-1.30153584,1.90631223,0.0
632,-0.942682087,2.60532737,0.0
633,-0.9017874,1.47304404,0.0
634,0.914899588,1.45783222,0.0
635,1.4009608,2.02611184,0.0
636,-0.852398038,1.40037513,0.0
637,0.867854953,1.36558461,0.0
638,-1.19849086,2.5451622,0.0
639,-0.653271735,2.39120507,0.0
640,-0.786718786,1.33761692,0.0
641,0.805066347,1.32108152,0.0
642,-0.698606491,2.40904737,0.0
643,0.732858658,1.27084827,0.0
644,-0.716268659,1.27331853,0.0
645,1.50858414,2.06212687,0.0
646,1.24156761,1.78192186,0.0
647,0.879818559,2.52497911,0.0
648,0.651089966,1.21565056,0.0
649,-0.654331326,1.19515026,0.0
650,0.553631544,1.15369499,0.0
651,-0.593467236,1.11784387,0.0
652,-1.41378355,2.24300623,0.0
653,0.48969394,1.04325092,0.0
654,-0.529028237,1.05027282,0.0
655,0.0616907068,1.55140424,0.0
656,0.181944966,1.69574273,0.0
657,0.223542839,1.8137207,0.0
658,0.596438944,2.01653266,0.0
659,0.780232489,2.46812654,0.0
660,0.677586079,2.36099577,0.0
661,0.578193247,2.10211825,0.0
662,0.416545361,1.8763994,0.0
663,-0.383345902,0.786380112,0.0
664,-0.460368127,0.984100461,0.0
665,0.419684738,0.960770369,0.0
666,1.19897521,2.46025014,0.0
667,0.337184101,0.750131905,0.0
668,0.554847002,2.18402457,0.0
669,-0.244221941,0.511788011,0.0
670,-0.0559504814,0.157852367,0.0
671,0.0717426091,0.448311985,0.0
672,-0.0627276674,1.61379206,0.0
673,-0.284019977,1.87431943,0.0
674,0.343463957,0.888535738,0.0
675,-0.188401878,1.67647946,0.0
676,0.273866028,1.92926037,0.0
677,-0.315026104,0.71519351,0.0
678,0.00495254761,0.231029049,0.0
679,0.00176469365,0.0850425661,0.0
680,-0.24785392,0.645034015,0.0
681,0.269465297,0.675006688,0.0
682,-0.115762971,0.370625705,0.0
683,0.202382118,0.599237621,0.0
684,-0.179319918,0.440659791,0.0
685,0.136239544,0.523149014,0.0
686,1.53208888,2.19817472,0.0
687,0.84052515,2.59099746,0.0
688,-1.02807891,2.73789716,0.0
689,-1.47245336,2.1383605,0.0
690,-0.366984546,2.08085847,0.0
691,-1.14471984,1.89296401,0.0
692,1.02384627,1.7048111,0.0
693,-1.06570268,1.78347218,0.0
694,0.939710021,1.70461059,0.0
695,-1.01196229,1.7301414,0.0
696,0.952947378,1.62592912,0.0
697,-0.952689528,1.67341709,0.0
698,0.827111602,2.49468708,0.0
699,-0.785242915,2.35222673,0.0
700,0.899160683,1.5317179,0.0
701,-0.892580628,1.60298681,0.0
702,-0.719700992,2.32690263,0.0
703,-1.54966891,2.09552169,0.0
704,0.842303097,1.43245244,0.0
705,-0.815901816,1.52229822,0.0
706,0.698583305,2.13402653,0.0
707,0.9383111,2.46226645,0.0
708,-1.0899924,2.56472063,0.0
709,0.772485733,1.39691544,0.0
710,-0.803357661,1.44032204,0.0
711,0.697368503,1.35535884,0.0
712,-0.736584783,1.40391886,0.0
713,-1.20359457,1.86673319,0.0
714,0.615660489,1.31237423,0.0
715,-0.640419602,1.34917688,0.0
716,0.317385763,1.84440327,0.0
717,1.33211577,1.81659937,0.0
718,-1.29490805,2.35208011,0.0
719,0.530522108,1.27792454,0.0
720,-0.588024378,1.24421394,0.0
721,-0.819731712,2.46560001,0.0
722,-1.15005851,2.66262031,0.0
723,-1.33135128,1.9786253,0.0
724,-1.27099538,1.83292603,0.0
725,-1.31316757,2.21618652,0.0
726,-1.09637821,2.4545989,0.0
727,0.456055015,1.16781759,0.0
728,-0.536942601,1.16452026,0.0
729,-0.473159254,1.107023,0.0
730,0.427762568,1.08237803,0.0
731,0.269468039,1.72461295,0.0
732,0.142710239,1.57814932,0.0
733,0.516769409,1.904248,0.0
734,0.784908533,2.3993783,0.0
735,-0.390256822,0.916396677,0.0
736,0.702426672,2.03146672,0.0
737,-0.141195983,1.5833621,0.0
738,0.00793558173,0.373475701,0.0
739,0.272901893,0.81408155,0.0
740,-0.0170706175,1.52326083,0.0
741,0.747018933,2.32865667,0.0
742,-0.181740806,0.576153457,0.0
743,0.330254197,1.0787015,0.0
744,-0.320425868,1.73568952,0.0
745,-0.321461767,0.846077085,0.0
746,1.49407184,2.29983902,0.0
747,0.205977842,0.739075184,0.0
748,-0.252977401,0.775997937,0.0
749,-0.480645269,2.13057089,0.0
750,0.00988007244,0.513139486,0.0
751,-0.372679323,1.83431721,0.0
752,0.139700904,0.663032949,0.0
753,-0.117009535,0.50811106,0.0
754,-0.0539251976,0.440473765,0.0
755,-0.329844266,1.98279727,0.0
756,0.0741881356,0.587223232,0.0
757,-1.01719272,1.8339777,0.0
758,0.927133679,1.78573179,0.0
759,-0.95851177,1.79197526,0.0
760,-0.446097821,2.03893471,0.0
761,0.858713746,1.69354403,0.0
762,-0.88070792,1.74757051,0.0
763,0.863362968,2.4278903,0.0
764,0.877325594,1.60974276,0.0
765,-0.786467254,1.69823349,0.0
766,0.821140766,1.50753558,0.0
767,-0.767813027,1.60259736,0.0
768,0.745676219,1.47748852,0.0
769,-0.716888964,1.48676014,0.0
770,-1.23007357,1.93808424,0.0
771,0.667744637,1.44302988,0.0
772,0.586300254,1.40876973,0.0
773,-0.633963466,1.458004,0.0
774,1.23187304,1.85679197,0.0
775,1.06308424,1.85465968,0.0
776,-1.25530505,2.0166533,0.0
777,0.503318071,1.37974942,0.0
778,-0.847401738,2.38991499,0.0
779,0.446162552,1.26241791,0.0
780,-0.441762954,1.26891673,0.0
781,1.38372648,1.95435202,0.0
782,0.547046483,1.81204057,0.0
783,-1.16137552,1.95828843,0.0
784,-0.422713995,1.1776464,0.0
785,0.378922671,1.16909349,0.0
786,-1.18938529,2.35972857,0.0
787,-1.24569404,2.2435317,0.0
788,-1.41740918,2.09814882,0.0
789,0.10406407,1.46256888,0.0
790,0.226529226,1.60538459,0.0
791,-0.402745008,1.04363036,0.0
792,0.617100716,1.92618454,0.0
793,-0.0947433189,1.49197721,0.0
794,0.308148205,1.1513164,0.0
795,0.274694175,0.959439576,0.0
796,-0.267736018,1.64168072,0.0
797,1.54562974,2.39390159,0.0
798,1.45883894,2.23022985,0.0
799,-0.185469121,0.708621383,0.0
800,-0.513698697,2.21574473,0.0
801,-0.411485314,1.93990576,0.0
802,-0.328837097,0.978102744,0.0
803,-1.09859228,2.36041117,0.0
804,-0.40217033,1.68893528,0.0
805,0.359799892,1.75483239,0.0
806,0.20257777,0.879083395,0.0
807,-1.46989453,2.05618978,0.0
808,-0.262241423,0.905566931,0.0
809,0.137850791,0.803644538,0.0
810,-0.118980549,0.643071949,0.0
811,0.0100335432,0.650704503,0.0
812,0.0736136585,0.72612685,0.0
813,0.45322156,1.784706,0.0
814,-0.922155201,1.93555439,0.0
815,0.489452749,1.69123518,0.0
816,0.840821862,1.77785587,0.0
817,0.776331007,1.67552686,0.0
818,-0.789833188,1.76114082,0.0
819,0.798476517,1.58852589,0.0
820,-0.728818953,1.67301393,0.0
821,0.719697654,1.5624609,0.0
822,-0.691951513,1.56659377,0.0
823,-0.982855022,2.52537632,0.0
824,0.639063418,1.53291941,0.0
825,-0.622573197,1.54047859,0.0
826,1.44297075,2.39594555,0.0
827,-0.52392751,2.00466394,0.0
828,0.556172192,1.50308943,0.0
829,-0.555171609,1.46177125,0.0
830,1.15324759,1.81928527,0.0
831,0.472027481,1.47538888,0.0
832,-0.525206566,1.36935961,0.0
833,1.01041341,1.78514576,0.0
834,-1.06439865,1.87620807,0.0
835,1.27276313,1.92339289,0.0
836,0.420407563,1.35659373,0.0
837,-0.453925073,1.33540797,0.0
838,-1.17233706,2.03629065,0.0
839,0.362972498,1.24842131,0.0
840,-0.347822696,1.21174932,0.0
841,0.640282273,1.83474886,0.0
842,0.715403557,1.94027841,0.0
843,0.283379465,1.22863257,0.0
844,-0.353235245,1.10239518,0.0
845,-0.873933494,2.33063197,0.0
846,-0.557466388,2.09264588,0.0
847,0.18409428,1.48857176,0.0
848,1.43456674,2.16228819,0.0
849,1.41224313,2.33299756,0.0
850,-0.0488499999,1.40551341,0.0
851,-0.343340248,1.6004523,0.0
852,0.0264840592,1.43583763,0.0
853,-0.218449444,1.54982662,0.0
854,-0.479472935,1.78639686,0.0
855,0.312250197,1.63384795,0.0
856,-0.193930328,0.837181926,0.0
857,-0.262025416,1.0473026,0.0
858,-0.0540245771,0.577976942,0.0
859,-0.207105502,0.958813906,0.0
860,0.117917813,0.954522491,0.0
861,-0.125108093,0.774471998,0.0
862,0.062206585,0.866543353,0.0
863,0.753462136,1.76308763,0.0
864,-0.70691812,1.74915946,0.0
865,-0.657177746,1.64492345,0.0
866,0.692655921,1.65162659,0.0
867,1.38321126,2.44003582,0.0
868,0.608696401,1.62505531,0.0
869,-0.587519944,1.61295664,0.0
870,0.523110569,1.59719884,0.0
871,-0.527496099,1.56804669,0.0
872,0.436948448,1.56956804,0.0
873,-0.483121246,1.50282586,0.0
874,1.20215511,1.97501552,0.0
875,-0.985766292,1.88624465,0.0
876,1.09903967,1.89341974,0.0
877,-0.921473801,2.4174614,0.0
878,0.398906767,1.66315794,0.0
879,0.387939036,1.44962251,0.0
880,-0.442494988,1.43155503,0.0
881,0.914834142,1.86988986,0.0
882,-0.933004797,2.26142526,0.0
883,-0.628053188,2.0569315,0.0
884,1.35074294,2.20159006,0.0
885,0.336677641,1.33494258,0.0
886,-0.3699117,1.2878356,0.0
887,-0.498445988,1.90718281,0.0
888,-0.539593577,1.68926299,0.0
889,1.49776411,2.45163035,0.0
890,0.57714504,1.71860981,0.0
891,0.254377544,1.31200254,0.0
892,-0.318740636,1.15037072,0.0
893,-0.733514011,2.212749,0.0
894,0.732750654,1.85144269,0.0
895,-0.595190883,2.17491388,0.0
896,-0.00467714341,1.32634962,0.0
897,-0.292795658,1.51346028,0.0
898,-0.123086594,1.3669697,0.0
899,1.38276958,2.26789141,0.0
900,0.142079353,1.37487125,0.0
901,0.243687168,1.13062668,0.0
902,-0.469706029,1.62756789,0.0
903,-0.253464162,1.144894,0.0
904,-0.140989706,0.897651017,0.0
905,0.267078966,1.51499701,0.0
906,0.190084681,1.11325145,0.0
907,-0.164835393,1.06034625,0.0
908,0.188705951,1.05376112,0.0
909,-0.0210290551,0.918260038,0.0
910,-0.0694433525,0.843534768,0.0
911,-1.29596412,2.11103368,0.0
912,0.833148897,2.34405684,0.0
913,-1.09353387,2.27405334,0.0
914,0.959193528,2.37450051,0.0
915,0.003596897,0.786848366,0.0
916,-0.692032695,1.82985806,0.0
917,0.350858927,1.54252541,0.0
918,1.15329039,1.93332756,0.0
919,-1.0039041,1.9711498,0.0
920,-0.85296911,1.94653285,0.0
921,-0.413668901,1.55265462,0.0
922,0.998196185,1.86784863,0.0
923,0.824196458,1.8625325,0.0
924,0.303612083,1.42483389,0.0
925,-0.324669361,1.39492285,0.0
926,1.28137612,2.24539804,0.0
927,0.220766574,1.40017653,0.0
928,-0.936017096,2.33812404,0.0
929,-0.67079401,2.13264585,0.0
930,0.664954841,1.74241483,0.0
931,-0.276760072,1.22675884,0.0
932,-0.216253415,1.23603511,0.0
933,-0.59492445,1.81003058,0.0
934,0.208555415,1.2033819,0.0
935,-0.245882079,1.42247343,0.0
936,-0.834361851,2.25891852,0.0
937,-0.0694951192,1.29297245,0.0
938,1.27174222,2.41679645,0.0
939,0.0664716884,1.35111368,0.0
940,-0.0778393149,1.03553736,0.0
941,0.12839061,1.16145623,0.0
942,-0.162801951,1.1588881,0.0
943,0.91197288,2.25665879,0.0
944,1.09262562,2.42148089,0.0
945,0.112508543,1.06246245,0.0
946,0.0110500241,0.997255802,0.0
947,-1.14929116,2.19635415,0.0
948,-0.62894702,2.25188184,0.0
949,0.76860559,2.21782517,0.0
950,1.01205361,1.95840371,0.0
951,1.15304029,2.04092264,0.0
952,0.905233324,1.95112896,0.0
953,-0.779178143,1.84800899,0.0
954,-0.724327445,2.07794142,0.0
955,-1.0864222,2.19302034,0.0
956,-0.196884543,1.31440818,0.0
957,-1.10091805,1.90911162,0.0
958,-0.990101159,2.06144953,0.0
959,-0.858121037,1.8515867,0.0
960,-1.01573777,2.19373226,0.0
961,1.30175245,1.9857688,0.0
962,1.2035315,2.27534056,0.0
963,0.809804261,1.94597077,0.0
964,0.175791755,1.28722429,0.0
965,-0.676534653,1.91110182,0.0
966,-0.0268794242,1.24131739,0.0
967,0.0293655135,1.24967527,0.0
968,0.100580789,1.26357615,0.0
969,-0.0647465885,1.11712658,0.0
970,-0.11801479,1.23864794,0.0
971,0.0375863649,1.16750622,0.0
972,1.16196883,2.38397336,0.0
973,-1.19209719,2.13714504,0.0
974,1.0787307,2.21897316,0.0
975,0.849288881,2.17906332,0.0
976,1.43865275,2.50485444,0.0
977,0.798888445,2.0284636,0.0
978,1.0877223,2.00558257,0.0
979,1.41418886,2.09545636,0.0
980,-0.657242417,1.96787643,0.0
981,1.18777132,2.20391512,0.0
982,-1.01333129,2.12366867,0.0
983,-0.797857285,2.08957124,0.0
984,-0.596826375,1.98174405,0.0
985,-0.044609841,1.18897808,0.0
986,0.871423602,2.08794522,0.0
987,-0.763964951,1.95995831,0.0
988,0.985864103,2.17428517,0.0
989,-1.0889312,2.11848402,0.0
990,-0.098900862,0.961690128,0.0
991,0.0263204072,1.08415151,0.0
992,-1.07133651,2.03185534,0.0
993,1.30713987,2.13398433,0.0
994,0.804235995,2.10685849,0.0
995,0.886681557,2.02848577,0.0
996,1.20748043,2.12956119,0.0
997,-0.694916606,2.01539469,0.0
998,1.11566699,2.11905169,0.0
999,0.967641652,2.05179191,0.0
1000,1.12405741,2.3066144,0.0
1001,-0.958216488,2.13461566,0.0
1002,-0.292303503,1.30696988,0.0
1003,-0.869946301,2.15645099,0.0
1004,1.50238323,2.56705689,0.0
1005,0.281051099,2.09691191,0.0
1006,-1.7075336,2.09115934,0.0
1007,-1.50120938,2.56939077,0.0
1008,-1.03265572,2.79664183,0.0
1009,-0.780404925,2.74003625,0.0
1010,-0.0564512499,0.0109894658,0.0
1011,-1.08001339,2.70348024,0.0
1012,-0.900240779,2.68515658,0.0
1013,1.61186385,2.11086583,0.0
1014,1.60502791,2.26069808,0.0
1015,-1.51654315,2.22006106,0.0
1016,-1.36287522,2.4706881,0.0
1017,1.37222624,2.5561142,0.0
1018,-1.02110052,2.64382911,0.0
1019,1.12967384,2.69128799,0.0
1020,0.885473013,2.6850059,0.0
1021,0.463981539,2.35093904,0.0
1022,-0.785209715,2.54394507,0.0
1023,-0.054682605,0.300357223,0.0
1024,-1.43980885,2.00061154,0.0
1025,-1.49609327,2.09665751,0.0
1026,-1.44660568,2.18797064,0.0
1027,-1.36548197,2.29216886,0.0
1028,-1.27981353,2.44935179,0.0
1029,-1.0044632,2.43929887,0.0
1030,0.64282304,2.21485782,0.0
1031,0.586654663,2.37420893,0.0
1032,0.645858943,2.50239158,0.0
1033,0.779128194,2.55843782,0.0
1034,0.975076854,2.61474133,0.0
1035,1.2351439,2.65545464,0.0
1036,1.44869602,1.84222233,0.0
1037,1.52096164,2.13174629,0.0
1038,1.54423463,2.25047803,0.0
1039,1.49446499,2.36306524,0.0
1040,-1.01415622,2.3518703,0.0
1041,-1.1731813,2.26839876,0.0
1042,-1.36598945,2.20104742,0.0
1043,0.663850844,2.30572462,0.0
1044,-0.896050394,2.49541473,0.0
1045,-0.587438881,1.89946115,0.0
1046,-0.622150838,1.72543669,0.0
1047,-0.366118401,1.47460365,0.0
1048,-0.171313435,1.45678926,0.0
1049,-1.36921024,2.04599905,0.0
1050,-1.01519716,2.27081394,0.0
1051,0.917653382,2.55739355,0.0
1052,0.970434308,2.53988218,0.0
1053,1.12346578,2.50070071,0.0
1054,0.918671608,2.12650371,0.0
1055,0.706782877,2.26516533,0.0
1056,-0.398357511,1.36518776,0.0
1057,-0.942534745,2.1880002,0.0
1058,1.35893202,1.88293099,0.0
1059,1.34287155,2.37398934,0.0
1060,1.02246201,2.45099807,0.0
1061,-1.38156164,2.1481216,0.0
1062,0.813443899,2.28644609,0.0
1063,-1.1110729,1.83595634,0.0
1064,-0.0570771098,0.71304065,0.0
1065,1.23507142,2.34636307,0.0
1066,1.03887105,2.08789635,0.0
1067,0.893691599,2.3528223,0.0
1068,-0.569612741,1.52405739,0.0
1069,1.31008291,2.30823541,0.0
1070,-0.922691762,2.09563613,0.0
1071,-0.879516602,2.0351491,0.0
1072,-0.833949625,1.66151547,0.0
1073,1.05743027,2.35228634,0.0
1074,1.0115056,2.39249778,0.0
1075,-0.514635384,1.2695986,0.0
1076,-0.493861943,1.20167959,0.0
1077,1.00114,2.29838347,0.0
1078,-0.95036459,2.00310636,0.0
1079,-0.927922487,1.86384106,0.0
1080,1.25962317,2.19795203,0.0
1081,1.31034243,2.05397201,0.0
1082,1.22802532,2.06054664,0.0
1083,1.24104702,2.00729561,0.0
1084,-0.159482419,0.993298173,0.0
1085,-0.968945563,1.92999804,0.0
1086,-1.03558517,1.9241879,0.0
1087,-1.09272659,1.95768154,0.0
1088,0.917057335,1.39769411,0.0
1089,0.191637591,0.990510046,0.0
1090,0.261553913,1.05538821,0.0
1091,0.380389184,1.10912848,0.0
1092,0.365343302,1.01636684,0.0
1093,0.1242759,2.26247907,0.0
1094,-0.169140607,2.28809118,0.0
1095,0.59516865,2.86961198,0.0
1096,0.245946303,2.59937429,0.0
1097,1.4526248,2.84406877,0.0
1098,1.82947612,2.39875579,0.0
1099,1.80515325,1.59702635,0.0
1100,0.980493307,0.623770416,0.0
1101,0.769512415,0.411453485,0.0
1102,0.365113348,-0.0296554919,0.0
1103,-0.365235806,-0.0297537595,0.0
1104,-1.61707008,1.25337911,0.0
1105,-1.78805208,1.63088143,0.0
1106,-1.82996643,2.39883113,0.0
1107,-1.45393729,2.83412647,0.0
1108,-0.604079664,2.86607718,0.0
1109,1.39320624,1.05737567,0.0
1110,1.19004035,0.837471366,0.0
1111,0.562359512,0.19540672,0.0
1112,-0.562790573,0.195080116,0.0
1113,-0.769860446,0.411174595,0.0
1114,-0.980689585,0.623613834,0.0
1115,-1.19037867,0.837245822,0.0
1116,-1.39569783,1.06126106,0.0
1117,-0.357165426,2.68594766,0.0
1118,1.64067912,1.36998022,0.0
1119,-1.62833273,1.35034311,0.0
1120,1.8599273,2.30388045,0.0
1121,-0.302858174,-0.107674316,0.0
1122,1.32672203,0.982931376,0.0
1123,-0.709977031,2.90998006,0.0
1124,-0.631143272,0.267760575,0.0
1125,1.45836663,1.13300717,0.0
1126,-1.90412068,2.02143764,0.0
1127,1.88339901,1.98708665,0.0
1128,-0.514174402,2.81619287,0.0
1129,0.139543936,2.35099602,0.0
1130,-1.86074901,2.30424047,0.0
1131,-1.54775083,2.76887918,0.0
1132,1.53364384,2.80356956,0.0
1133,-1.36360431,2.88303232,0.0
1134,0.509524763,2.81515408,0.0
1135,1.88799429,2.10207009,0.0
1136,-1.89522064,2.11019731,0.0
1137,1.79205644,2.48861146,0.0
1138,-1.79065216,2.4889884,0.0
1139,-0.831346631,3.01016378,0.0
1140,0.828807294,2.98698092,0.0
1141,-1.69629407,2.72341061,0.0
1142,1.67613637,2.71236324,0.0
1143,-1.17396045,2.94554615,0.0
1144,1.17381144,2.94530511,0.0
1145,0.673831105,2.91634631,0.0
1146,-0.201228276,2.38523436,0.0
1147,-1.07707429,2.96161056,0.0
1148,1.07817578,2.9625752,0.0
1149,-0.777575493,2.97171926,0.0
1150,0.15202786,2.43323946,0.0
1151,0.74723947,2.96130562,0.0
1152,0.991333544,2.97647429,0.0
1153,-0.984820485,2.97285581,0.0
1154,0.186606139,2.51543975,0.0
1155,0.382677346,2.65244055,0.0
1156,-0.282713383,2.60088444,0.0
1157,-0.240510464,2.48258424,0.0
1158,0.911996126,2.99144268,0.0
1159,-0.899261296,2.99476004,0.0
1160,-1.74978328,2.5728507,0.0
1161,1.7563715,2.56945848,0.0
1162,-1.721241,2.6577301,0.0
1163,1.7254684,2.64480209,0.0
1164,1.27001727,2.92008257,0.0
1165,-0.432548493,2.75622988,0.0
1166,-1.6352241,2.74650288,0.0
1167,1.61043215,2.76673341,0.0
1168,-1.88233602,2.20699215,0.0
1169,1.87990832,2.20518041,0.0
1170,-1.2699672,2.91957426,0.0
1171,-1.9277333,1.9452914,0.0
1172,1.91633725,1.90223134,0.0
1173,1.91478586,1.82100344,0.0
1174,-1.88960528,1.89192164,0.0
1175,1.90879095,1.74990749,0.0
1176,-1.86006641,1.81371272,0.0
1177,1.85155141,1.69658673,0.0
1178,-1.82695115,1.72214043,0.0
1179,-6.086197e-07,-0.542877793,0.0
1180,1.74896717,1.52581489,0.0
1181,-0.184731871,-0.2689825,0.0
1182,0.184443593,-0.268739074,0.0
1183,1.69630969,1.45100951,0.0
1184,-1.69343317,1.45094919,0.0
1185,0.242453471,-0.187195525,0.0
1186,-0.242690414,-0.187388092,0.0
1187,0.302835971,-0.107643068,0.0
1188,-1.55898106,1.20909643,0.0
1189,-0.429678798,0.0464374982,0.0
1190,-1.4728142,1.15287757,0.0
1191,0.495402724,0.121486694,0.0
1192,-1.32722378,0.983677328,0.0
1193,0.630864799,0.267983526,0.0
1194,-1.25920677,0.909688056,0.0
1195,0.700098753,0.33984217,0.0
1196,-0.700290203,0.339679092,0.0
1197,1.25902486,0.909617245,0.0
1198,1.12075448,0.765704393,0.0
1199,0.839817941,0.482282668,0.0
1200,-0.840046287,0.482092679,0.0
1201,-1.05102789,0.694381058,0.0
1202,0.910307288,0.552910745,0.0
1203,0.129012704,-0.353227615,0.0
1204,-0.12909767,-0.353321046,0.0
1205,0.42962724,0.0464796871,0.0
1206,-0.495680213,0.121268585,0.0
1207,-1.12102854,0.765486479,0.0
1208,-0.910438776,0.552800417,0.0
1209,1.05094898,0.694445372,0.0
1210,-1.74367654,1.54119337,0.0
1211,0.0720004886,-0.442225039,0.0
1212,-1.54644132,1.29207337,0.0
1213,1.58241284,1.28935206,0.0
1214,1.36371529,2.88577151,0.0
1215,-0.142047048,2.1873486,0.0
1216,0.109445125,2.16505837,0.0
1217,-0.0720151886,-0.442244351,0.0
1218,-1.28931333e-05,-0.95434159,0.0
1219,-4.6549445e-05,-0.868588328,0.0
1220,-5.703028e-05,-0.768793523,0.0
1221,-4.71159774e-06,-0.665354013,0.0
1222,0.266755491,2.67820477,0.0
1223,0.327794999,2.70998931,0.0
1224,0.41725716,2.74415565,0.0
1225,0.214197949,2.42326641,0.0
1226,0.2444392,2.4803226,0.0
1227,0.280636042,2.53894043,0.0
1228,-0.214821309,2.58611035,0.0
1229,-0.18187061,2.50820065,0.0
1230,-0.809985459,2.89814782,0.0
1231,-0.853653252,2.9367919,0.0
1232,-0.143501297,2.41727948,0.0
1233,-0.110505514,2.32291555,0.0
1234,-0.082844317,2.22863793,0.0
1235,-0.0499890782,2.13915229,0.0
1236,-0.000886055466,2.07021451,0.0
1237,0.325431675,2.62846041,0.0
1238,0.894926429,2.92535996,0.0
1239,1.66224611,2.62212443,0.0
1240,1.82752919,1.88314331,0.0
1241,1.8012079,1.79179275,0.0
1242,1.78104722,1.70093274,0.0
1243,1.75734913,1.6326648,0.0
1244,1.52155507,1.21028578,0.0
1245,-1.59336817,2.67780638,0.0
1246,-1.6486932,2.66314459,0.0
1247,-1.48713195,1.24599361,0.0
1248,1.57929409,2.71263933,0.0
1249,1.62101877,2.66788983,0.0
1250,0.774049103,2.90580654,0.0
1251,0.834084153,2.91605449,0.0
1252,1.86229169,1.86484444,0.0
1253,1.85378575,1.79496014,0.0
